QGC WPL 110
0   1   0   16  0.000000   0.000000   0.000000   0.000000   -35.3632659   149.165238   0.000000  1
1   0   3   16  0.000000   0.000000   0.000000   0.000000   -35.3616000   149.165238   0.000000  1
2   0   3   16  0.000000   0.000000   0.000000   0.000000   -35.3619000   149.167200   0.000000  1
3   0   3   16  0.000000   0.000000   0.000000   0.000000   -35.3625000   149.169000   0.000000  1
4   0   3   16  0.000000   0.000000   0.000000   0.000000   -35.3634000   149.170400   0.000000  1
5   0   3   16  0.000000   0.000000   0.000000   0.000000   -35.3645000   149.171400   0.000000  1
6   0   3   16  0.000000   0.000000   0.000000   0.000000   -35.3657000   149.171900   0.000000  1
7   0   3   16  0.000000   0.000000   0.000000   0.000000   -35.3669000   149.171400   0.000000  1
8   0   3   16  0.000000   0.000000   0.000000   0.000000   -35.3680000   149.170400   0.000000  1
9   0   3   16  0.000000   0.000000   0.000000   0.000000   -35.3689000   149.169000   0.000000  1
10  0   3   16  0.000000   0.000000   0.000000   0.000000   -35.3695000   149.167200   0.000000  1
11  0   3   16  0.000000   0.000000   0.000000   0.000000   -35.3698000   149.165238   0.000000  1
12  0   3   16  0.000000   0.000000   0.000000   0.000000   -35.3695000   149.163276   0.000000  1
13  0   3   16  0.000000   0.000000   0.000000   0.000000   -35.3689000   149.161476   0.000000  1
14  0   3   16  0.000000   0.000000   0.000000   0.000000   -35.3680000   149.160076   0.000000  1
15  0   3   16  0.000000   0.000000   0.000000   0.000000   -35.3669000   149.159076   0.000000  1
16  0   3   16  0.000000   0.000000   0.000000   0.000000   -35.3657000   149.158576   0.000000  1
17  0   3   16  0.000000   0.000000   0.000000   0.000000   -35.3645000   149.159076   0.000000  1
18  0   3   16  0.000000   0.000000   0.000000   0.000000   -35.3634000   149.160076   0.000000  1
19  0   3   16  0.000000   0.000000   0.000000   0.000000   -35.3625000   149.161476   0.000000  1
20  0   3   16  0.000000   0.000000   0.000000   0.000000   -35.3619000   149.163276   0.000000  1
21  0   3   16  0.000000   0.000000   0.000000   0.000000   -35.3616000   149.165238   0.000000  1
22  0   3   16  0.000000   0.000000   0.000000   0.000000   -35.3632659   149.165238   0.000000  1