QGC WPL 110
0   1   0   16  0.000000   0.000000   0.000000   0.000000   -35.3632659   149.165238   0.000000  1
1   0   3   22  0.000000   0.000000   0.000000   0.000000   -35.3632659   149.165238   10.000000  1
2   0   3   16  0.000000   0.000000   0.000000   0.000000   -35.3616434   149.162587   10.000000  1
3   0   3   16  0.000000   0.000000   0.000000   0.000000   -35.3600209   149.165238   10.000000  1
4   0   3   16  0.000000   0.000000   0.000000   0.000000   -35.3600209   149.169087   10.000000  1
5   0   3   16  0.000000   0.000000   0.000000   0.000000   -35.3616434   149.171738   10.000000  1
6   0   3   16  0.000000   0.000000   0.000000   0.000000   -35.3632659   149.172936   10.000000  1
7   0   3   16  0.000000   0.000000   0.000000   0.000000   -35.3648884   149.171738   10.000000  1
8   0   3   16  0.000000   0.000000   0.000000   0.000000   -35.3665109   149.169087   10.000000  1
9   0   3   16  0.000000   0.000000   0.000000   0.000000   -35.3665109   149.165238   10.000000  1
10  0   3   16  0.000000   0.000000   0.000000   0.000000   -35.3648884   149.162587   10.000000  1
11  0   3   16  0.000000   0.000000   0.000000   0.000000   -35.3632659   149.165238   10.000000  1
12  0   3   20  0.000000   0.000000   0.000000   0.000000   -35.3632659   149.165238   0.000000  1