QGC WPL 110
0   1   0   16  0.000000   0.000000   0.000000   0.000000   -35.3632659   149.165238   0.000000  1  
1   0   3   22  0.000000   0.000000   0.000000   0.000000   -35.3632659   149.165238   10.000000  1  
2   0   3   16  0.000000   0.000000   0.000000   0.000000   -35.366  149.160  10.000000  1  
3   0   3   16  0.000000   0.000000   0.000000   0.000000   -35.3655  149.162  10.000000  1  
4   0   3   16  0.000000   0.000000   0.000000   0.000000   -35.3648  149.164  10.000000  1
5   0   3   16  0.000000   0.000000   0.000000   0.000000   -35.3639  149.166  10.000000  1
6   0   3   16  0.000000   0.000000   0.000000   0.000000   -35.3630  149.168  10.000000  1
7   0   3   16  0.000000   0.000000   0.000000   0.000000   -35.3620  149.170  10.000000  1
8   0   3   16  0.000000   0.000000   0.000000   0.000000   -35.3610  149.172  10.000000  1
9   0   3   16  0.000000   0.000000   0.000000   0.000000   -35.360  149.174  10.000000  1  
10  0   3   16  0.000000   0.000000   0.000000   0.000000   -35.3632659   149.165238   10.000000  1  
11  0   3   20  0.000000   0.000000   0.000000   0.000000   -35.3632659   149.165238   0.000000  1  